%YAML:1.0
---
camera_name: left_camera
resolution: [752, 480]
camera_model: pinhole
intrinsics: [367.7913092845858, 368.3707374537823, 381.3679820780332, 249.01182468952936] #fu, fv, cu, cv
distortion_model: equidistant
distortion_coefficients: [-0.03129322176405293, 0.04462847156978478, -0.0868792821065591,0.05174614697839617]
body_T_cam: #如果本体系不是imu坐标系,记得转换
  cols: 4
  rows: 4
  data: [-0.00297284, -0.99999545, -0.00052034, 0.00341024,
         0.9999955, -0.00297264, -0.00039221, -0.04596497,
        0.00039066, -0.00052151, 0.99999979, 0.02572883,
         0.0, 0.0, 0.0, 1.0]

