%YAML:1.0
---
camera_name: right_camera
resolution: [752, 480]
camera_model: pinhole
intrinsics: [366.05957824687925, 366.94116911554585, 372.8867427729501, 238.64653489394993] #fu, fv, cu, cv
distortion_model: equidistant
distortion_coefficients: [-0.04890629643508519, 0.0956040885330369, -0.13265910157233093,0.05943280980845235]
body_T_cam: #如果本体系不是imu坐标系,记得转换
  cols: 4
  rows: 4
  data: [-0.00375108, -0.99994622, -0.00966854,  0.00273162,
         0.99990638, -0.00387781,  0.01312206,  0.07450025,
        -0.01315885, -0.00961841,  0.99986716,  0.02532203,
         0.0, 0.0, 0.0, 1.0]

