%YAML:1.0
---
camera_name: left_camera
resolution: [848, 800] #w,h
camera_model: pinhole
intrinsics: [2.8344720458984375e+02, 2.8456570434570312e+02, 4.2498699951171875e+02, 3.9739138793945312e+02] #fu, fv, cu, cv
distortion_model: equidistant
distortion_coefficients: [-2.1781339310109615e-03, 3.7803109735250473e-02,-3.5849031060934067e-02, 5.7638869620859623e-03]
body_T_cam: #如果本体系不是imu坐标系,记得转换
  cols: 4
  rows: 4
  data: [-0.999811448543515, -0.004895507143057075, 0.01879099175484301, 0.0009633266220177368,
         0.004947811911144283, -0.9999840110720797, 0.0027380207243469477, 0.001354257341191217,
         0.018777287307016412, 0.002830478759378312, 0.9998196846788838, -0.0065826485308419815,
         0.0, 0.0, 0.0, 1.0]

