%YAML:1.0
---
camera_name: right_camera
resolution: [848, 800]
camera_model: pinhole
intrinsics: [2.8364129638671875e+02, 2.8482809448242188e+02, 4.2345190429687500e+02, 4.0032971191406250e+02] #fu, fv, cu, cv
distortion_model: equidistant
distortion_coefficients: [8.7154511129483581e-04, 2.9413620010018349e-02, -2.7649799361824989e-02, 3.0997279100120068e-03]
body_T_cam: #如果本体系不是imu坐标系,记得转换
  cols: 4
  rows: 4
  data: [-0.9998531023712882, -0.008592406477702524, 0.01483051682958489, -0.06326063942726938,
         0.008711601441035343, -0.9999301208131044, 0.00799133850012334, 0.001896441933742424,
        0.014760815656433621, 0.008119362143231348, 0.9998580870701324, -0.005057807834496686,
         0.0, 0.0, 0.0, 1.0]

