%YAML:1.0
---
camera_name: left_camera
resolution: [848, 800] #w,h
camera_model: pinhole
intrinsics: [288.03113837228807, 288.2964766776069, 420.3999640553491, 395.05186980787374] #fu, fv, cu, cv
distortion_model: equidistant
distortion_coefficients: [0.003598587568152557, 0.01853991048490219, -0.004391882415095654, -0.009998750559241121]
body_T_cam: #如果本体系不是imu坐标系,记得转换
  cols: 4
  rows: 4
  data: [-0.999811448543515, -0.004895507143057075, 0.01879099175484301, 0.0009633266220177368,
         0.004947811911144283, -0.9999840110720797, 0.0027380207243469477, 0.001354257341191217,
         0.018777287307016412, 0.002830478759378312, 0.9998196846788838, -0.0065826485308419815,
         0.0, 0.0, 0.0, 1.0]

