%YAML:1.0
---
camera_name: right_camera
resolution: [848, 800]
camera_model: pinhole
intrinsics: [287.54204009080524, 287.7689959338411, 428.0967314721826, 400.2940367942404] #fu, fv, cu, cv
distortion_model: equidistant
distortion_coefficients: [0.003049679616216631,  0.023164074933868378, -0.017475104743859913, -0.003419825029528604]
body_T_cam: #如果本体系不是imu坐标系,记得转换
  cols: 4
  rows: 4
  data: [-0.9998531023712882, -0.008592406477702524, 0.01483051682958489, -0.06326063942726938,
         0.008711601441035343, -0.9999301208131044, 0.00799133850012334, 0.001896441933742424,
        0.014760815656433621, 0.008119362143231348, 0.9998580870701324, -0.005057807834496686,
         0.0, 0.0, 0.0, 1.0]
